SPEARMEN,X,,,,,,,,,,,,,,,
Peasant Levy,0.5,0,1,16,25,5.5,4,1,6,2,1,2,1,1,0,2
Spearmen,2,1,2,17,40,13,5,1,6,3,2,3,2,2,1,2
Seasoned Pikemen,3,2,3,18,55,22.5,6,1,6,4,3,4,3,3,2,2
Veteran Phalanx,4,3,4,19,70,34,7,1,6,5,4,5,4,4,3,2
SWORDSMEN,X,,,,,,,,,,,,,,,
Levy Swordsmen,0.5,0,1,16,25,6.5,4,1,8,2,1,2,1,1,0,2
Swordsmen,2,1,2,17,40,15,5,1,8,3,2,3,2,2,1,2
Men-at-Arms,3,2,3,18,55,25.5,6,1,8,4,3,4,3,3,2,2
Veteran Sergeants,4,3,4,19,70,38,7,1,8,5,4,5,4,4,3,2
BOWMEN,X,,,,,,,,,,,,,,,
Peasant Bows,0.5,0,1,13,20,6.5,4,1,8,2,1,1,2,0,0,2
Yeomen,2,1,2,14,32,15,5,1,8,3,2,2,3,1,1,2
Rangers,3,2,3,15,44,25.5,6,1,8,4,3,3,4,2,2,2
Elite Rangers,4,3,4,16,56,38,7,1,8,5,4,4,5,3,3,2
CROSSBOWMEN,X,,,,,,,,,,,,,,,
Levy Crossbows,0.5,0,1,13,20,7.5,4,1,10,2,,1,2,0,0,2
Crossbowmen,2,1,2,14,32,17,5,1,10,3,,2,3,1,1,2
Seasoned Crossbowmen,3,2,3,15,44,28.5,6,1,10,4,,3,4,2,2,2
Ace Crossbowmen,4,3,4,16,56,42,7,1,10,5,,4,5,3,3,2
GUNMEN,X,,,,,,,,,,,,,,,
Arquebusiers,3,2,1,16,40,18,6,4,6,3,,2,3,2,2,2
Musketeers,4,3,1,17,55,27,7,6,6,4,,3,4,3,3,2
Snipers,5,4,2,18,70,45,8,4,6,5,,4,5,4,4,3
LIGHT CAVALRY,X,,,,,,,,,,,,,,,
Cavalry Raiders,,4,2,17,40,15,6,1,8,3,,3,2,2,1,3
Mounted Men-At-Arms,,5,3,18,55,25.5,7,1,8,4,,4,3,3,2,3
Hussars,,6,4,19,70,38,8,1,8,5,,5,4,4,3,3
HEAVY CAVALRY,X,,,,,,,,,,,,,,,
Mounted Sergeants,,5,2,18,40,19,6,1,12,3,,3,2,3,2,3
Knights,,6,3,19,55,31.5,7,1,12,4,,4,3,4,3,3
Paladins,,7,4,20,70,46,8,1,12,5,,5,4,5,4,3
FLYING ARCHERS,X,,,,,,,,,,,,,,,
Birdbows,,3,2,16,32,10,5,1,8,3,,2,3,2,2,2
Aerial Rangers,,4,3,17,44,14,7,1,8,4,,3,4,3,3,3
Elite Fliers,,5,4,18,56,18,8,1,8,5,,4,5,4,4,3
GREATSWORDSMEN,X,,,,,,,,,,,,,,,
Heavy Swordsmen,3,1,2,16,40,20,5,2,6,3,,3,2,3,2,2
Greatswords,4,2,3,17,55,33,6,2,6,4,,4,3,4,3,2
Legendary Greatswords,5,3,4,18,70,48,7,2,6,5,,5,4,5,4,2
ZOMBIES,X,,,,,,,,,,,,,,,
Fresh,,-2,1,10,25,6,2,1,6,2,,2,-2,3,-2,2
Hardy,,-1,2,11,40,10,3,1,6,3,,3,-1,4,-1,2
WIGHTS,X,,,,,,,,,,,,,,,
Wight,,4,2,15,45,15,4,1,10,3,2,3,2,3,1,3
Wight Bowmen,,4,2,15,45,13,4,,,,,2,3,3,1,3
SKELEMEN,X,,,,,,,,,,,,,,,
Stained Skeletons,,1,2,15,40,15,4,,,3,,3,2,3,0,2